0016 0000 0000 0000 / 0000 0000 0000 0000 / 0000 0000 0000 0000 / 0000 0000 0000 0000 / 0000 0000 0000 0000 / 0000 0000 0000 0000 / 0000 0000 0000 0000 / 0000 0000 0000 0000 / 0000 0000 0000 0000 / 0000 0000 0000 0000 / 0000 0000 0000 0000 / 0000 0000 0000 0000 / 0000 0000 0000 0000 / 0000 0000 0000 0000 / 0000 0000 0000 0000 / 0000 0000 0000 0000 / 0000 0000 0000 0000 / 0000 0000 0000 0000 / 0000 0000 0000 0000 / 0000 0000 0000 0000 / 0000 0000 0000 0000 / 0000 0000 0000 0000 / 0000 0000 0000 0000 / 0000 0000 0000 0000 / 0000 0000 0000 0000 / 0000 0000 0000 0000 / 0000 0000 0000 0000 / 0000 0000 0000 0000 / 0000 0000 0000 0000 / 0000 0000 0000 0000 / 0000 0000 0000 0000 / 0000 0000 0000 0000 / 0000 0000 0000 0000 / 0000 0000 0000 0000 / 0000 0000 0000 0000 / 0000 0000 0000 0000 / 0000 0000 0000 0000 / 0000 0000 0000 0000 / 0000 0000 0000 0000 / 0000 0000 0000 0000 / 0000 0000 0000 0000 / 0000 0000 0000 0000 / 0000 0000 0000 0000 / 0000 0000 0000 0000 / 0000 0000 0000 0000 / 0000 0000 0000 0000 / 0000 0000 0000 0000 / 0000 0000 0000 0000 / 0000 0000 0000 0000 / 0000 0000 0000 0000 / 0000 0000 0000 0000 / 0000 0000 0000 0000 / 0000 0000 0000 0000 / 0000 0000 0000 0000 / 0000 0000 0000 0000 / 0000 0000 0000 0000 / 0000 0000 0000 0000 / 0000 0000 0000 0000 / 0000 0000 0000 0000 / 0000 0000 0000 0000 / 0000 0000 0000 0000 / 0000 0000 0000 0000 / 0000 0000 0000 0000 / 0000 0000 0000 0000 / 0000 0000 0000 0000 / 0000 0000 0000 0000 / 0000 0000 0000 0000 / 0000 0000 0000 0000 / 0000 0000 0000 0000 / 0000 0000 0000 0000 / 0000 0000 0000 0000 / 0000 0000 0000 0000 / 0000 0000 0000 0000 / 0000 0000 0000 0000 / 0000 0000 0000 0000 / 0000 0000 0000 0000 / 0000 0000 0000 0000 / 0000 0000 0000 0000 / 0000 0000 0000 0000 / 0000 0000 0000 0000 / 0000 0000 0000 0000 / 0000 0000 0000 0000 / 0000 0000 0000 0000 / 0000 0000 0000 0000 / 0000 0000 0000 0000 / 0000 0000 0000 0000 / 0000 0000 0000 0000 / 0000 0000 0000 0000 / 0000 0000 0000 0000 / 0000 0000 0000 0000 / 0000 0000 0000 0000 / 0000 0000 0000 0000 / 0000 0000 0000 0000 / 0000 0000 0000 0000 / 0000 0000 0000 0000 / 0000 0000 0000 0000 / 0000 0000 0000 0000 / 0000 0000 0000 0000 / 0000 0000 0000 0000 / 0000 0000 0000 0000 / 0000 0000 0000 0000 / 0000 0000 0000 0000 / 0000 0000 0000 0000 / 0000 0000 0000 0000 / 0000 0000 0000 0000 / 0000 0000 0000 0000 / 0020 0000 0000 0000 / 0020 0000 0000 0000 / 0020 0000 0000 0000 / 0020 0000 0000 0000 / 0020 0000 0000 0000 / 0020 0000 0000 0000 / 0003 0000 0000 0000
0016 0000 0000 0000 / 0000 0000 0000 0000 / 0000 0000 0000 0000 / 0000 0000 0000 0000 / 0000 0000 0000 0000 / 0000 0000 0000 0000 / 0000 0000 0000 0000 / 0000 0000 0000 0000 / 0000 0000 0000 0000 / 0000 0000 0000 0000 / 0000 0000 0000 0000 / 0000 0000 0000 0000 / 0000 0000 0000 0000 / 0000 0000 0000 0000 / 0000 0000 0000 0000 / 0000 0000 0000 0000 / 0000 0000 0000 0000 / 0000 0000 0000 0000 / 0004 0000 0000 0000 / 0000 0000 0000 0000 / 0000 0000 0000 0000 / 0000 0000 0000 0000 / 0000 0000 0000 0000 / 0000 0000 0000 0000 / 0000 0000 0000 0000 / 0000 0000 0000 0000 / 0000 0000 0000 0000 / 0000 0000 0000 0000 / 0000 0000 0000 0000 / 0000 0000 0000 0000 / 0000 0000 0000 0000 / 0000 0000 0000 0000 / 0000 0000 0000 0000 / 0000 0000 0000 0000 / 0000 0000 0000 0000 / 0000 0000 0000 0000 / 0000 0000 0000 0000 / 0000 0000 0000 0000 / 0000 0000 0000 0000 / 0000 0000 0000 0000 / 0000 0000 0000 0000 / 0000 0000 0000 0000 / 0000 0000 0000 0000 / 0000 0000 0000 0000 / 0000 0000 0000 0000 / 0000 0000 0000 0000 / 0000 0000 0000 0000 / 0000 0000 0000 0000 / 0000 0000 0000 0000 / 0000 0000 0000 0000 / 0000 0000 0000 0000 / 0000 0000 0000 0000 / 0000 0000 0000 0000 / 0000 0000 0000 0000 / 0000 0000 0000 0000 / 0000 0000 0000 0000 / 0000 0000 0000 0000 / 0000 0000 0000 0000 / 0000 0000 0000 0000 / 0000 0000 0000 0000 / 0000 0000 0000 0000 / 0000 0000 0000 0000 / 0000 0000 0000 0000 / 0000 0000 0000 0000 / 0000 0000 0000 0000 / 0000 0000 0000 0000 / 0000 0000 0000 0000 / 0000 0000 0000 0000 / 0000 0000 0000 0000 / 0000 0000 0000 0000 / 0000 0000 0000 0000 / 0000 0000 0000 0000 / 0000 0000 0000 0000 / 0000 0000 0000 0000 / 0000 0000 0000 0000 / 0008 0000 0000 0000 / 0000 0000 0000 0000 / 0000 0000 0000 0000 / 0000 0000 0000 0000 / 0000 0000 0000 0000 / 0000 0000 0000 0000 / 0000 0000 0000 0000 / 0000 0000 0000 0000 / 0000 0000 0000 0000 / 0000 0000 0000 0000 / 0000 0000 0000 0000 / 0000 0000 0000 0000 / 0000 0000 0000 0000 / 0000 0000 0000 0000 / 0000 0000 0000 0000 / 0000 0000 0000 0000 / 0000 0000 0000 0000 / 0000 0000 0000 0000 / 0000 0000 0000 0000 / 0000 0000 0000 0000 / 0000 0000 0000 0000 / 0000 0000 0000 0000 / 0000 0000 0000 0000 / 0000 0000 0000 0000 / 0000 0000 0000 0000 / 0000 0000 0000 0000 / 0000 0000 0000 0000 / 0000 0000 0000 0000 / 0000 0000 0000 0000 / 0000 0000 0000 0000 / 0000 0000 0000 0000 / 0024 0000 0000 0000 / 0000 0000 0000 0000 / 0000 0000 0000 0000 / 0000 0000 0000 0000 / 0000 0000 0000 0000 / 0000 0000 0000 0000 / 0003 0000 0000 0000
0016 0000 0000 0000 / 0000 0000 0000 0000 / 0000 0000 0000 0000 / 0000 0000 0000 0000 / 0017 0000 0000 0000 / 0000 0000 0000 0000 / 0000 0000 0000 0000 / 0000 0000 0000 0000 / 0000 0000 0000 0000 / 0000 0000 0000 0000 / 0000 0000 0000 0000 / 0000 0000 0000 0000 / 0000 0000 0000 0000 / 0000 0000 0000 0000 / 0000 0000 0000 0000 / 2011 0000 0000 0000 / 0000 0000 0000 0000 / 0000 0000 0000 0000 / 0004 0000 0000 0000 / 0000 0000 0000 0000 / 0000 0000 0000 0000 / 0017 0000 0000 0000 / 1016 0000 0000 0000 / 0017 1017 0000 0000 / 0017 0000 0000 0000 / 0000 0000 0000 0000 / 0000 0000 0000 0000 / 0000 0000 0000 0000 / 0016 0000 0000 0000 / 0000 0000 0000 0000 / 0000 0000 0000 0000 / 0000 0000 0000 0000 / 0000 0000 0000 0000 / 1009 0000 0000 0000 / 0000 0000 0000 0000 / 0000 0000 0000 0000 / 0000 0000 0000 0000 / 0000 0000 0000 0000 / 0000 0000 0000 0000 / 0000 0000 0000 0000 / 0016 0000 0000 0000 / 0000 0000 0000 0000 / 0000 0000 0000 0000 / 0000 0000 0000 0000 / 0000 0000 0000 0000 / 0000 0000 0000 0000 / 0000 0000 0000 0000 / 0000 0000 0000 0000 / 0000 0000 0000 0000 / 0000 0000 0000 0000 / 0000 0000 0000 0000 / 0000 0000 0000 0000 / 0000 0000 0000 0000 / 0008 0000 0000 0000 / 0000 0000 0000 0000 / 0000 0000 0000 0000 / 0000 0000 0000 0000 / 0000 0000 0000 0000 / 0000 0000 0000 0000 / 0000 0000 0000 0000 / 0000 0000 0000 0000 / 0000 0000 0000 0000 / 0000 0000 0000 0000 / 2011 0000 0000 0000 / 0000 0000 0000 0000 / 0000 0000 0000 0000 / 0000 0000 0000 0000 / 0000 0000 0000 0000 / 0000 0000 0000 0000 / 0000 0000 0000 0000 / 0000 0000 0000 0000 / 0000 0000 0000 0000 / 2011 0000 0000 0000 / 0000 0000 0000 0000 / 0007 0000 0000 0000 / 0007 0000 0000 0000 / 0007 0000 0000 0000 / 0008 0000 0000 0000 / 0000 0000 0000 0000 / 0000 0000 0000 0000 / 0000 0000 0000 0000 / 0000 0000 0000 0000 / 0000 0000 0000 0000 / 0000 0000 0000 0000 / 0017 0000 0000 0000 / 0000 0000 0000 0000 / 0000 0000 0000 0000 / 2011 0000 0000 0000 / 0000 0000 0000 0000 / 0000 0000 0000 0000 / 0000 0000 0000 0000 / 0017 0000 0000 0000 / 0000 0000 0000 0000 / 0000 0000 0000 0000 / 0000 0000 0000 0000 / 0017 0000 0000 0000 / 0000 0000 0000 0000 / 0000 0000 0000 0000 / 0000 0000 0000 0000 / 0000 0000 0000 0000 / 0000 0000 0000 0000 / 1003 0000 0000 0000 / 0000 0000 0000 0000 / 0000 0000 0000 0000 / 0000 0000 0000 0000 / 0000 0000 0000 0000 / 0000 0000 0000 0000 / 0000 0000 0000 0000 / 0000 0000 0000 0000 / 1015 0000 0000 0000 / 1009 0000 0000 0000 / 0000 0000 0000 0000 / 0003 0000 0000 0000
0020 0000 0000 0000 / 0004 0000 0000 0000 / 0004 0000 0000 0000 / 0004 0000 0000 0000 / 0004 0000 0000 0000 / 0004 0000 0000 0000 / 0004 0000 0000 0000 / 0004 0000 0000 0000 / 0004 0000 0000 0000 / 0004 0000 0000 0000 / 0004 0000 0000 0000 / 0004 0000 0000 0000 / 0004 0000 0000 0000 / 0004 0000 0000 0000 / 0004 0000 0000 0000 / 0004 0000 0000 0000 / 0004 0000 0000 0000 / 0004 0000 0000 0000 / 0004 0000 0000 0000 / 0004 0000 0000 0000 / 0004 0000 0000 0000 / 0004 0000 0000 0000 / 0004 0000 0000 0000 / 0004 0000 0000 0000 / 0004 0000 0000 0000 / 0004 0000 0000 0000 / 0004 0000 0000 0000 / 0004 0000 0000 0000 / 0004 0000 0000 0000 / 0004 0000 0000 0000 / 0004 0000 0000 0000 / 0004 0000 0000 0000 / 0004 0000 0000 0000 / 0004 0000 0000 0000 / 0004 0000 0000 0000 / 0004 0000 0000 0000 / 0004 0000 0000 0000 / 0004 0000 0000 0000 / 0004 0000 0000 0000 / 0004 0000 0000 0000 / 0004 0000 0000 0000 / 0004 0000 0000 0000 / 0004 0000 0000 0000 / 0004 0000 0000 0000 / 0004 0000 0000 0000 / 0004 0000 0000 0000 / 0004 0000 0000 0000 / 0000 0000 0000 0000 / 0000 0000 0000 0000 / 0000 0000 0000 0000 / 0000 0000 0000 0000 / 0000 0000 0000 0000 / 0004 0000 0000 0000 / 0004 0000 0000 0000 / 0004 0000 0000 0000 / 0004 0000 0000 0000 / 0004 0000 0000 0000 / 0004 0000 0000 0000 / 0004 0000 0000 0000 / 0004 0000 0000 0000 / 0004 0000 0000 0000 / 0004 0000 0000 0000 / 0004 0000 0000 0000 / 0004 0000 0000 0000 / 0004 0000 0000 0000 / 0004 0000 0000 0000 / 0004 0000 0000 0000 / 0004 0000 0000 0000 / 0004 0000 0000 0000 / 0004 0000 0000 0000 / 0004 0000 0000 0000 / 0004 0000 0000 0000 / 0004 0000 0000 0000 / 0004 0000 0000 0000 / 0004 0000 0000 0000 / 0004 0000 0000 0000 / 0004 0000 0000 0000 / 0004 0000 0000 0000 / 0004 0000 0000 0000 / 0004 0000 0000 0000 / 0004 0000 0000 0000 / 0004 0000 0000 0000 / 0004 0000 0000 0000 / 0004 0000 0000 0000 / 0004 0000 0000 0000 / 0004 0000 0000 0000 / 0004 0000 0000 0000 / 0004 0000 0000 0000 / 0004 0000 0000 0000 / 0004 0000 0000 0000 / 0004 0000 0000 0000 / 0004 0000 0000 0000 / 0004 0000 0000 0000 / 0004 0000 0000 0000 / 0004 0000 0000 0000 / 0004 0000 0000 0000 / 0004 0000 0000 0000 / 0004 0000 0000 0000 / 0004 0000 0000 0000 / 0004 0000 0000 0000 / 0004 0000 0000 0000 / 0004 0000 0000 0000 / 0004 0000 0000 0000 / 0004 0000 0000 0000 / 0004 0000 0000 0000 / 0004 0000 0000 0000 / 0004 0000 0000 0000 / 0004 0000 0000 0000 / 0004 0000 0000 0000 / 0004 0000 0000 0000 / 0004 0000 0000 0000 / 0004 0000 0000 0000 / 0003 0000 0000 0000
0020 0000 0000 0000 / 0000 0000 0000 0000 / 0000 0000 0000 0000 / 0000 0000 0000 0000 / 0000 0000 0000 0000 / 0000 0000 0000 0000 / 0000 0000 0000 0000 / 0000 0000 0000 0000 / 0000 0000 0000 0000 / 0000 0000 0000 0000 / 0000 0000 0000 0000 / 0000 0000 0000 0000 / 0000 0000 0000 0000 / 0000 0000 0000 0000 / 0000 0000 0000 0000 / 0000 0000 0000 0000 / 0000 0000 0000 0000 / 0000 0000 0000 0000 / 0000 0000 0000 0000 / 0000 0000 0000 0000 / 0000 0000 0000 0000 / 0000 0000 0000 0000 / 0000 0000 0000 0000 / 0000 0000 0000 0000 / 0000 0000 0000 0000 / 0000 0000 0000 0000 / 0000 0000 0000 0000 / 0000 0000 0000 0000 / 0000 0000 0000 0000 / 0000 0000 0000 0000 / 0020 0000 0000 0000 / 0000 0000 0000 0000 / 0000 0000 0000 0000 / 0000 0000 0000 0000 / 0000 0000 0000 0000 / 0000 0000 0000 0000 / 0000 0000 0000 0000 / 0000 0000 0000 0000 / 0000 0000 0000 0000 / 0000 0000 0000 0000 / 0000 0000 0000 0000 / 0000 0000 0000 0000 / 0000 0000 0000 0000 / 0000 0000 0000 0000 / 0000 0000 0000 0000 / 0000 0000 0000 0000 / 0000 0000 0000 0000 / 0000 0000 0000 0000 / 0000 0000 0000 0000 / 0000 0000 0000 0000 / 0000 0000 0000 0000 / 0000 0000 0000 0000 / 0000 0000 0000 0000 / 0000 0000 0000 0000 / 0000 0000 0000 0000 / 0000 0000 0000 0000 / 0000 0000 0000 0000 / 0000 0000 0000 0000 / 0000 0000 0000 0000 / 0000 0000 0000 0000 / 0000 0000 0000 0000 / 0000 0000 0000 0000 / 0000 0000 0000 0000 / 0000 0000 0000 0000 / 0000 0000 0000 0000 / 0000 0000 0000 0000 / 0000 0000 0000 0000 / 0000 0000 0000 0000 / 0000 0000 0000 0000 / 0000 0000 0000 0000 / 0000 0000 0000 0000 / 0000 0000 0000 0000 / 0000 0000 0000 0000 / 0000 0000 0000 0000 / 0000 0000 0000 0000 / 0000 0000 0000 0000 / 0000 0000 0000 0000 / 0000 0000 0000 0000 / 0000 0000 0000 0000 / 0000 0000 0000 0000 / 0000 0000 0000 0000 / 0000 0000 0000 0000 / 0000 0000 0000 0000 / 0000 0000 0000 0000 / 0000 0000 0000 0000 / 0000 0000 0000 0000 / 0000 0000 0000 0000 / 0000 0000 0000 0000 / 0000 0000 0000 0000 / 0000 0000 0000 0000 / 0000 0000 0000 0000 / 0000 0000 0000 0000 / 0000 0000 0000 0000 / 0000 0000 0000 0000 / 0000 0000 0000 0000 / 0000 0000 0000 0000 / 0000 0000 0000 0000 / 0000 0000 0000 0000 / 0000 0000 0000 0000 / 0000 0000 0000 0000 / 0000 0000 0000 0000 / 0000 0000 0000 0000 / 0000 0000 0000 0000 / 0000 0000 0000 0000 / 0000 0000 0000 0000 / 0000 0000 0000 0000 / 0000 0000 0000 0000 / 0000 0000 0000 0000 / 0000 0000 0000 0000 / 0000 0000 0000 0000 / 0000 0000 0000 0000 / 0000 0000 0000 0000 / 0003 0000 0000 0000
0020 0000 0000 0000 / 0000 0000 0000 0000 / 0000 0000 0000 0000 / 0000 0000 0000 0000 / 0000 0000 0000 0000 / 0000 0000 0000 0000 / 0000 0000 0000 0000 / 0000 0000 0000 0000 / 1010 0000 0000 0000 / 0000 0000 0000 0000 / 0000 0000 0000 0000 / 0000 0000 0000 0000 / 0000 0000 0000 0000 / 0000 0000 0000 0000 / 0000 0000 0000 0000 / 0000 0000 0000 0000 / 0000 0000 0000 0000 / 0000 0000 0000 0000 / 0000 0000 0000 0000 / 0000 0000 0000 0000 / 0000 0000 0000 0000 / 0000 0000 0000 0000 / 1005 0000 0000 0000 / 0000 0000 0000 0000 / 0000 0000 0000 0000 / 0000 0000 0000 0000 / 0000 0000 0000 0000 / 0020 0000 0000 0000 / 0000 0000 0000 0000 / 2011 0000 0000 0000 / 0020 0000 0000 0000 / 0000 0000 0000 0000 / 0000 0000 0000 0000 / 0000 0000 0000 0000 / 0000 0000 0000 0000 / 0000 0000 0000 0000 / 0000 0000 0000 0000 / 0000 0000 0000 0000 / 0000 0000 0000 0000 / 0000 0000 0000 0000 / 0000 0000 0000 0000 / 0000 0000 0000 0000 / 0000 0000 0000 0000 / 0000 0000 0000 0000 / 0000 0000 0000 0000 / 0000 0000 0000 0000 / 0000 0000 0000 0000 / 0000 0000 0000 0000 / 0000 0000 0000 0000 / 0000 0000 0000 0000 / 0000 0000 0000 0000 / 0000 0000 0000 0000 / 0000 0000 0000 0000 / 0000 0000 0000 0000 / 0000 0000 0000 0000 / 0000 0000 0000 0000 / 0000 0000 0000 0000 / 0000 0000 0000 0000 / 0000 0000 0000 0000 / 0000 0000 0000 0000 / 0000 0000 0000 0000 / 0000 0000 0000 0000 / 0000 0000 0000 0000 / 0000 0000 0000 0000 / 0000 0000 0000 0000 / 0000 0000 0000 0000 / 0000 0000 0000 0000 / 2011 0000 0000 0000 / 0000 0000 0000 0000 / 0000 0000 0000 0000 / 0000 0000 0000 0000 / 0000 0000 0000 0000 / 0000 0000 0000 0000 / 0000 0000 0000 0000 / 0000 0000 0000 0000 / 0000 0000 0000 0000 / 0000 0000 0000 0000 / 0000 0000 0000 0000 / 0000 0000 0000 0000 / 0000 0000 0000 0000 / 0000 0000 0000 0000 / 0000 0000 0000 0000 / 0000 0000 0000 0000 / 0000 0000 0000 0000 / 0000 0000 0000 0000 / 0000 0000 0000 0000 / 0000 0000 0000 0000 / 0000 0000 0000 0000 / 0000 0000 0000 0000 / 0000 0000 0000 0000 / 0000 0000 0000 0000 / 0000 0000 0000 0000 / 0000 0000 0000 0000 / 0000 0000 0000 0000 / 0000 0000 0000 0000 / 0000 0000 0000 0000 / 0000 0000 0000 0000 / 0000 0000 0000 0000 / 0000 0000 0000 0000 / 0000 0000 0000 0000 / 0000 0000 0000 0000 / 0000 0000 0000 0000 / 0000 0000 0000 0000 / 0000 0000 0000 0000 / 0000 0000 0000 0000 / 0000 0000 0000 0000 / 0000 0000 0000 0000 / 0000 0000 0000 0000 / 0000 0000 0000 0000 / 0000 0000 0000 0000 / 0000 0000 0000 0000 / 0000 0000 0000 0000 / 0003 0000 0000 0000
0020 0000 0000 0000 / 0000 0000 0000 0000 / 0000 0000 0000 0000 / 0000 0000 0000 0000 / 0020 0000 0000 0000 / 0020 0000 0000 0000 / 0020 0000 0000 0000 / 0020 0000 0000 0000 / 0020 0000 0000 0000 / 0020 0000 0000 0000 / 0020 0000 0000 0000 / 0020 0000 0000 0000 / 0020 0000 0000 0000 / 0020 0000 0000 0000 / 0020 0000 0000 0000 / 0020 0000 0000 0000 / 0020 0000 0000 0000 / 0020 0000 0000 0000 / 0020 0000 0000 0000 / 0020 0000 0000 0000 / 0020 0000 0000 0000 / 0020 0000 0000 0000 / 0020 0000 0000 0000 / 0020 0000 0000 0000 / 0020 0000 0000 0000 / 0020 0000 0000 0000 / 0020 0000 0000 0000 / 0000 0000 0000 0000 / 0020 0000 0000 0000 / 0020 0000 0000 0000 / 0000 0000 0000 0000 / 0000 0000 0000 0000 / 0000 0000 0000 0000 / 0000 0000 0000 0000 / 0000 0000 0000 0000 / 0000 0000 0000 0000 / 0000 0000 0000 0000 / 0000 0000 0000 0000 / 0000 0000 0000 0000 / 0000 0000 0000 0000 / 0000 0000 0000 0000 / 0000 0000 0000 0000 / 0000 0000 0000 0000 / 0000 0000 0000 0000 / 0000 0000 0000 0000 / 0000 0000 0000 0000 / 0002 0000 0000 0000 / 0002 0000 0000 0000 / 0002 0000 0000 0000 / 0002 0000 0000 0000 / 0002 0000 0000 0000 / 0002 0000 0000 0000 / 0002 0000 0000 0000 / 0000 0000 0000 0000 / 0000 0000 0000 0000 / 0000 0000 0000 0000 / 0000 0000 0000 0000 / 0000 0000 0000 0000 / 0000 0000 0000 0000 / 0000 0000 0000 0000 / 0000 0000 0000 0000 / 0002 0000 0000 0000 / 0002 0000 0000 0000 / 0002 0000 0000 0000 / 0002 0000 0000 0000 / 0002 0000 0000 0000 / 0002 0000 0000 0000 / 0002 0000 0000 0000 / 0002 0000 0000 0000 / 0002 0000 0000 0000 / 0002 0000 0000 0000 / 0002 0000 0000 0000 / 0002 0000 0000 0000 / 0002 0000 0000 0000 / 0002 0000 0000 0000 / 0002 0000 0000 0000 / 0000 0000 0000 0000 / 0000 0000 0000 0000 / 0000 0000 0000 0000 / 0000 0000 0000 0000 / 0000 0000 0000 0000 / 0000 0000 0000 0000 / 0000 0000 0000 0000 / 0000 0000 0000 0000 / 0000 0000 0000 0000 / 0000 0000 0000 0000 / 0000 0000 0000 0000 / 0000 0000 0000 0000 / 0000 0000 0000 0000 / 0000 0000 0000 0000 / 0000 0000 0000 0000 / 0000 0000 0000 0000 / 0000 0000 0000 0000 / 0000 0000 0000 0000 / 0000 0000 0000 0000 / 0000 0000 0000 0000 / 0000 0000 0000 0000 / 0000 0000 0000 0000 / 0000 0000 0000 0000 / 0000 0000 0000 0000 / 0000 0000 0000 0000 / 0000 0000 0000 0000 / 0000 0000 0000 0000 / 0000 0000 0000 0000 / 0000 0000 0000 0000 / 0000 0000 0000 0000 / 0000 0000 0000 0000 / 0000 0000 0000 0000 / 0000 0000 0000 0000 / 0000 0000 0000 0000 / 0000 0000 0000 0000 / 0000 0000 0000 0000 / 0003 0000 0000 0000
0020 0000 0000 0000 / 0020 0000 0000 0000 / 0000 0000 0000 0000 / 0000 0000 0000 0000 / 0000 0000 0000 0000 / 0000 0000 0000 0000 / 0000 0000 0000 0000 / 0000 0000 0000 0000 / 0000 0000 0000 0000 / 0000 0000 0000 0000 / 0000 0000 0000 0000 / 0000 0000 0000 0000 / 0000 0000 0000 0000 / 0000 0000 0000 0000 / 0000 0000 0000 0000 / 0000 0000 0000 0000 / 0000 0000 0000 0000 / 0000 0000 0000 0000 / 0000 0000 0000 0000 / 0000 0000 0000 0000 / 0000 0000 0000 0000 / 0000 0000 0000 0000 / 0000 0000 0000 0000 / 0000 0000 0000 0000 / 0000 0000 0000 0000 / 0000 0000 0000 0000 / 0000 0000 0000 0000 / 0000 0000 0000 0000 / 0000 0000 0000 0000 / 0000 0000 0000 0000 / 0000 0000 0000 0000 / 0000 0000 0000 0000 / 0000 0000 0000 0000 / 0000 0000 0000 0000 / 0000 0000 0000 0000 / 0000 0000 0000 0000 / 0000 0000 0000 0000 / 0000 0000 0000 0000 / 0000 0000 0000 0000 / 0000 0000 0000 0000 / 0000 0000 0000 0000 / 0000 0000 0000 0000 / 0000 0000 0000 0000 / 0000 0000 0000 0000 / 0000 0000 0000 0000 / 0002 0000 0000 0000 / 0000 0000 0000 0000 / 0000 0000 0000 0000 / 0000 0000 0000 0000 / 0000 0000 0000 0000 / 0000 0000 0000 0000 / 0000 0000 0000 0000 / 0000 0000 0000 0000 / 0002 0000 0000 0000 / 0000 0000 0000 0000 / 0000 0000 0000 0000 / 0000 0000 0000 0000 / 0000 0000 0000 0000 / 0000 0000 0000 0000 / 0000 0000 0000 0000 / 0000 0000 0000 0000 / 0000 0000 0000 0000 / 0000 0000 0000 0000 / 0000 0000 0000 0000 / 0000 0000 0000 0000 / 0000 0000 0000 0000 / 0000 0000 0000 0000 / 0000 0000 0000 0000 / 0000 0000 0000 0000 / 0000 0000 0000 0000 / 0000 0000 0000 0000 / 0000 0000 0000 0000 / 0000 0000 0000 0000 / 0000 0000 0000 0000 / 0000 0000 0000 0000 / 0000 0000 0000 0000 / 0000 0000 0000 0000 / 0000 0000 0000 0000 / 0000 0000 0000 0000 / 0000 0000 0000 0000 / 0000 0000 0000 0000 / 0000 0000 0000 0000 / 0000 0000 0000 0000 / 0000 0000 0000 0000 / 0000 0000 0000 0000 / 0000 0000 0000 0000 / 0000 0000 0000 0000 / 0000 0000 0000 0000 / 0000 0000 0000 0000 / 0000 0000 0000 0000 / 0000 0000 0000 0000 / 0000 0000 0000 0000 / 0000 0000 0000 0000 / 0000 0000 0000 0000 / 0000 0000 0000 0000 / 0000 0000 0000 0000 / 0000 0000 0000 0000 / 0000 0000 0000 0000 / 0000 0000 0000 0000 / 0000 0000 0000 0000 / 0000 0000 0000 0000 / 0000 0000 0000 0000 / 0000 0000 0000 0000 / 0000 0000 0000 0000 / 0000 0000 0000 0000 / 0000 0000 0000 0000 / 0000 0000 0000 0000 / 0000 0000 0000 0000 / 0000 0000 0000 0000 / 0000 0000 0000 0000 / 0000 0000 0000 0000 / 0000 0000 0000 0000 / 0003 0000 0000 0000
0020 0000 0000 0000 / 0000 0000 0000 0000 / 0000 0000 0000 0000 / 0000 0000 0000 0000 / 0000 0000 0000 0000 / 0000 0000 0000 0000 / 0000 0000 0000 0000 / 0000 0000 0000 0000 / 0000 0000 0000 0000 / 0000 0000 0000 0000 / 0000 0000 0000 0000 / 0000 0000 0000 0000 / 0000 0000 0000 0000 / 0000 0000 0000 0000 / 0000 0000 0000 0000 / 0000 0000 0000 0000 / 0000 0000 0000 0000 / 0000 0000 0000 0000 / 0000 0000 0000 0000 / 0000 0000 0000 0000 / 0000 0000 0000 0000 / 0000 0000 0000 0000 / 0000 0000 0000 0000 / 0000 0000 0000 0000 / 0000 0000 0000 0000 / 0000 0000 0000 0000 / 0000 0000 0000 0000 / 0000 0000 0000 0000 / 0000 0000 0000 0000 / 0000 0000 0000 0000 / 0000 0000 0000 0000 / 0000 0000 0000 0000 / 0000 0000 0000 0000 / 0000 0000 0000 0000 / 0000 0000 0000 0000 / 0000 0000 0000 0000 / 0000 0000 0000 0000 / 0000 0000 0000 0000 / 0000 0000 0000 0000 / 0000 0000 0000 0000 / 0000 0000 0000 0000 / 0000 0000 0000 0000 / 0000 0000 0000 0000 / 0000 0000 0000 0000 / 0002 0000 0000 0000 / 0000 0000 0000 0000 / 0000 0000 0000 0000 / 0000 0000 0000 0000 / 0000 0000 0000 0000 / 0000 0000 0000 0000 / 0000 0000 0000 0000 / 1013 0000 0000 0000 / 1014 0000 0000 0000 / 0000 0000 0000 0000 / 0002 0000 0000 0000 / 0000 0000 0000 0000 / 0000 0000 0000 0000 / 0000 0000 0000 0000 / 0000 0000 0000 0000 / 0000 0000 0000 0000 / 0000 0000 0000 0000 / 0000 0000 0000 0000 / 0000 0000 0000 0000 / 0000 0000 0000 0000 / 0000 0000 0000 0000 / 0000 0000 0000 0000 / 0000 0000 0000 0000 / 0000 0000 0000 0000 / 0000 0000 0000 0000 / 0000 0000 0000 0000 / 0000 0000 0000 0000 / 0000 0000 0000 0000 / 0000 0000 0000 0000 / 0000 0000 0000 0000 / 0000 0000 0000 0000 / 0000 0000 0000 0000 / 0000 0000 0000 0000 / 0000 0000 0000 0000 / 0000 0000 0000 0000 / 0000 0000 0000 0000 / 0000 0000 0000 0000 / 0000 0000 0000 0000 / 0000 0000 0000 0000 / 0000 0000 0000 0000 / 0000 0000 0000 0000 / 0000 0000 0000 0000 / 0000 0000 0000 0000 / 0000 0000 0000 0000 / 0000 0000 0000 0000 / 0000 0000 0000 0000 / 0000 0000 0000 0000 / 0000 0000 0000 0000 / 0000 0000 0000 0000 / 0000 0000 0000 0000 / 0000 0000 0000 0000 / 0000 0000 0000 0000 / 0000 0000 0000 0000 / 0000 0000 0000 0000 / 0000 0000 0000 0000 / 0000 0000 0000 0000 / 0000 0000 0000 0000 / 0000 0000 0000 0000 / 0000 0000 0000 0000 / 0000 0000 0000 0000 / 0000 0000 0000 0000 / 0000 0000 0000 0000 / 0000 0000 0000 0000 / 0000 0000 0000 0000 / 0000 0000 0000 0000 / 1014 0000 0000 0000 / 0000 0000 0000 0000 / 0000 0000 0000 0000 / 0003 0000 0000 0000
0020 0000 0000 0000 / 0000 0000 0000 0000 / 0000 0000 0000 0000 / 0000 0000 0000 0000 / 0000 0000 0000 0000 / 0000 0000 0000 0000 / 0000 0000 0000 0000 / 0000 0000 0000 0000 / 0000 0000 0000 0000 / 0000 0000 0000 0000 / 0000 0000 0000 0000 / 0000 0000 0000 0000 / 0000 0000 0000 0000 / 0000 0000 0000 0000 / 0000 0000 0000 0000 / 0000 0000 0000 0000 / 0000 0000 0000 0000 / 0000 0000 0000 0000 / 0000 0000 0000 0000 / 0000 0000 0000 0000 / 0000 0000 0000 0000 / 0000 0000 0000 0000 / 0000 0000 0000 0000 / 0000 0000 0000 0000 / 0000 0000 0000 0000 / 0000 0000 0000 0000 / 0000 0000 0000 0000 / 0000 0000 0000 0000 / 0000 0000 0000 0000 / 0000 0000 0000 0000 / 0000 0000 0000 0000 / 0000 0000 0000 0000 / 0000 0000 0000 0000 / 0000 0000 0000 0000 / 0000 0000 0000 0000 / 0000 0000 0000 0000 / 0000 0000 0000 0000 / 0000 0000 0000 0000 / 0000 0000 0000 0000 / 0000 0000 0000 0000 / 0000 0000 0000 0000 / 0000 0000 0000 0000 / 0000 0000 0000 0000 / 0002 0000 0000 0000 / 0000 0000 0000 0000 / 0000 0000 0000 0000 / 0000 0000 0000 0000 / 0000 0000 0000 0000 / 0018 0000 0000 0000 / 0002 0000 0000 0000 / 0002 0000 0000 0000 / 0002 0000 0000 0000 / 0002 0000 0000 0000 / 0002 0000 0000 0000 / 0002 0000 0000 0000 / 0002 0000 0000 0000 / 0000 0000 0000 0000 / 0000 0000 0000 0000 / 0000 0000 0000 0000 / 0000 0000 0000 0000 / 0000 0000 0000 0000 / 0000 0000 0000 0000 / 0000 0000 0000 0000 / 0000 0000 0000 0000 / 0000 0000 0000 0000 / 0000 0000 0000 0000 / 0000 0000 0000 0000 / 0000 0000 0000 0000 / 0000 0000 0000 0000 / 0000 0000 0000 0000 / 0000 0000 0000 0000 / 0000 0000 0000 0000 / 0000 0000 0000 0000 / 0000 0000 0000 0000 / 0000 0000 0000 0000 / 0000 0000 0000 0000 / 0000 0000 0000 0000 / 0000 0000 0000 0000 / 0000 0000 0000 0000 / 0000 0000 0000 0000 / 0000 0000 0000 0000 / 0000 0000 0000 0000 / 0000 0000 0000 0000 / 0000 0000 0000 0000 / 0000 0000 0000 0000 / 0000 0000 0000 0000 / 0000 0000 0000 0000 / 0000 0000 0000 0000 / 0000 0000 0000 0000 / 0000 0000 0000 0000 / 0000 0000 0000 0000 / 0000 0000 0000 0000 / 0000 0000 0000 0000 / 0000 0000 0000 0000 / 0000 0000 0000 0000 / 0000 0000 0000 0000 / 0000 0000 0000 0000 / 0000 0000 0000 0000 / 0000 0000 0000 0000 / 0000 0000 0000 0000 / 0000 0000 0000 0000 / 0000 0000 0000 0000 / 0000 0000 0000 0000 / 0000 0000 0000 0000 / 0000 0000 0000 0000 / 0000 0000 0000 0000 / 0000 0000 0000 0000 / 0000 0000 0000 0000 / 0007 0000 0000 0000 / 0007 0000 0000 0000 / 0007 0000 0000 0000 / 0007 0000 0000 0000 / 0003 0000 0000 0000
0020 0000 0000 0000 / 0020 0000 0000 0000 / 0020 0000 0000 0000 / 0020 0000 0000 0000 / 0020 0000 0000 0000 / 0020 0000 0000 0000 / 0020 0000 0000 0000 / 0020 0000 0000 0000 / 0020 0000 0000 0000 / 0020 0000 0000 0000 / 0020 0000 0000 0000 / 0020 0000 0000 0000 / 0020 0000 0000 0000 / 0000 0000 0000 0000 / 0000 0000 0000 0000 / 0000 0000 0000 0000 / 0000 0000 0000 0000 / 0000 0000 0000 0000 / 0000 0000 0000 0000 / 0000 0000 0000 0000 / 0000 0000 0000 0000 / 0000 0000 0000 0000 / 0000 0000 0000 0000 / 0000 0000 0000 0000 / 0000 0000 0000 0000 / 0000 0000 0000 0000 / 0000 0000 0000 0000 / 0000 0000 0000 0000 / 0000 0000 0000 0000 / 0000 0000 0000 0000 / 0000 0000 0000 0000 / 0000 0000 0000 0000 / 0000 0000 0000 0000 / 0000 0000 0000 0000 / 0000 0000 0000 0000 / 0000 0000 0000 0000 / 0000 0000 0000 0000 / 0000 0000 0000 0000 / 0000 0000 0000 0000 / 0000 0000 0000 0000 / 0000 0000 0000 0000 / 0002 0000 0000 0000 / 0002 0000 0000 0000 / 0000 0000 0000 0000 / 0000 0000 0000 0000 / 0000 0000 0000 0000 / 0000 0000 0000 0000 / 0000 0000 0000 0000 / 0018 0000 0000 0000 / 0000 0000 0000 0000 / 0000 0000 0000 0000 / 0000 0000 0000 0000 / 0000 0000 0000 0000 / 0000 0000 0000 0000 / 0000 0000 0000 0000 / 0000 0000 0000 0000 / 0002 0000 0000 0000 / 0000 0000 0000 0000 / 0000 0000 0000 0000 / 0000 0000 0000 0000 / 0000 0000 0000 0000 / 0000 0000 0000 0000 / 0000 0000 0000 0000 / 0000 0000 0000 0000 / 0000 0000 0000 0000 / 0000 0000 0000 0000 / 0000 0000 0000 0000 / 0000 0000 0000 0000 / 0000 0000 0000 0000 / 0000 0000 0000 0000 / 0000 0000 0000 0000 / 0000 0000 0000 0000 / 0000 0000 0000 0000 / 0000 0000 0000 0000 / 0000 0000 0000 0000 / 0000 0000 0000 0000 / 0000 0000 0000 0000 / 0000 0000 0000 0000 / 0000 0000 0000 0000 / 0000 0000 0000 0000 / 0000 0000 0000 0000 / 0000 0000 0000 0000 / 0000 0000 0000 0000 / 0000 0000 0000 0000 / 0000 0000 0000 0000 / 0000 0000 0000 0000 / 0000 0000 0000 0000 / 0000 0000 0000 0000 / 0000 0000 0000 0000 / 0000 0000 0000 0000 / 0000 0000 0000 0000 / 0000 0000 0000 0000 / 0000 0000 0000 0000 / 0000 0000 0000 0000 / 0000 0000 0000 0000 / 0000 0000 0000 0000 / 0000 0000 0000 0000 / 0000 0000 0000 0000 / 0000 0000 0000 0000 / 0000 0000 0000 0000 / 0000 0000 0000 0000 / 0000 0000 0000 0000 / 0000 0000 0000 0000 / 0000 0000 0000 0000 / 0000 0000 0000 0000 / 0000 0000 0000 0000 / 0000 0000 0000 0000 / 0007 0000 0000 0000 / 0000 0000 0000 0000 / 0000 0000 0000 0000 / 0000 0000 0000 0000 / 0000 0000 0000 0000 / 0003 0000 0000 0000
0020 0000 0000 0000 / 0000 0000 0000 0000 / 0000 0000 0000 0000 / 0000 0000 0000 0000 / 0000 0000 0000 0000 / 0000 0000 0000 0000 / 0000 0000 0000 0000 / 0000 0000 0000 0000 / 0000 0000 0000 0000 / 0000 0000 0000 0000 / 0000 0000 0000 0000 / 0000 0000 0000 0000 / 0000 0000 0000 0000 / 0000 0000 0000 0000 / 0000 0000 0000 0000 / 0000 0000 0000 0000 / 0000 0000 0000 0000 / 0000 0000 0000 0000 / 0000 0000 0000 0000 / 0000 0000 0000 0000 / 0000 0000 0000 0000 / 0000 0000 0000 0000 / 0000 0000 0000 0000 / 0000 0000 0000 0000 / 0000 0000 0000 0000 / 0000 0000 0000 0000 / 0000 0000 0000 0000 / 0000 0000 0000 0000 / 0000 0000 0000 0000 / 0000 0000 0000 0000 / 0000 0000 0000 0000 / 0000 0000 0000 0000 / 0000 0000 0000 0000 / 0000 0000 0000 0000 / 0000 0000 0000 0000 / 0000 0000 0000 0000 / 0000 0000 0000 0000 / 0000 0000 0000 0000 / 0000 0000 0000 0000 / 0000 0000 0000 0000 / 0000 0000 0000 0000 / 0023 0000 0000 0000 / 0000 0000 0000 0000 / 0000 0000 0000 0000 / 0000 0000 0000 0000 / 0000 0000 0000 0000 / 0000 0000 0000 0000 / 0000 0000 0000 0000 / 0018 0000 0000 0000 / 0000 0000 0000 0000 / 0000 0000 0000 0000 / 0000 0000 0000 0000 / 0000 0000 0000 0000 / 0000 0000 0000 0000 / 0000 0000 0000 0000 / 0000 0000 0000 0000 / 0000 0000 0000 0000 / 0002 0000 0000 0000 / 0000 0000 0000 0000 / 0000 0000 0000 0000 / 0000 0000 0000 0000 / 0000 0000 0000 0000 / 0000 0000 0000 0000 / 0000 0000 0000 0000 / 0000 0000 0000 0000 / 0000 0000 0000 0000 / 0000 0000 0000 0000 / 0000 0000 0000 0000 / 0000 0000 0000 0000 / 0000 0000 0000 0000 / 0000 0000 0000 0000 / 0000 0000 0000 0000 / 0000 0000 0000 0000 / 0000 0000 0000 0000 / 0000 0000 0000 0000 / 0000 0000 0000 0000 / 0000 0000 0000 0000 / 0000 0000 0000 0000 / 0000 0000 0000 0000 / 0000 0000 0000 0000 / 0000 0000 0000 0000 / 0000 0000 0000 0000 / 0000 0000 0000 0000 / 0000 0000 0000 0000 / 0000 0000 0000 0000 / 0000 0000 0000 0000 / 0000 0000 0000 0000 / 0000 0000 0000 0000 / 0000 0000 0000 0000 / 0000 0000 0000 0000 / 0000 0000 0000 0000 / 0000 0000 0000 0000 / 0000 0000 0000 0000 / 0000 0000 0000 0000 / 0000 0000 0000 0000 / 0000 0000 0000 0000 / 0000 0000 0000 0000 / 0000 0000 0000 0000 / 0000 0000 0000 0000 / 0000 0000 0000 0000 / 0000 0000 0000 0000 / 0000 0000 0000 0000 / 0000 0000 0000 0000 / 0000 0000 0000 0000 / 0000 0000 0000 0000 / 0000 0000 0000 0000 / 0007 0000 0000 0000 / 0000 0000 0000 0000 / 0000 0000 0000 0000 / 0000 0000 0000 0000 / 0000 0000 0000 0000 / 0000 0000 0000 0000 / 0003 0000 0000 0000
0020 0000 0000 0000 / 0000 0000 0000 0000 / 0000 0000 0000 0000 / 0000 0000 0000 0000 / 0000 0000 0000 0000 / 0000 0000 0000 0000 / 0000 0000 0000 0000 / 0000 0000 0000 0000 / 0000 0000 0000 0000 / 0000 0000 0000 0000 / 0000 0000 0000 0000 / 0000 0000 0000 0000 / 0000 0000 0000 0000 / 0000 0000 0000 0000 / 0000 0000 0000 0000 / 0000 0000 0000 0000 / 0002 0000 0000 0000 / 0000 0000 0000 0000 / 0000 0000 0000 0000 / 0000 0000 0000 0000 / 0000 0000 0000 0000 / 0000 0000 0000 0000 / 0000 0000 0000 0000 / 0000 0000 0000 0000 / 0000 0000 0000 0000 / 0000 0000 0000 0000 / 0000 0000 0000 0000 / 0000 0000 0000 0000 / 0000 0000 0000 0000 / 0000 0000 0000 0000 / 0000 0000 0000 0000 / 0000 0000 0000 0000 / 0000 0000 0000 0000 / 0000 0000 0000 0000 / 0000 0000 0000 0000 / 0000 0000 0000 0000 / 0000 0000 0000 0000 / 0000 0000 0000 0000 / 0000 0000 0000 0000 / 0000 0000 0000 0000 / 0000 0000 0000 0000 / 2011 0000 0000 0000 / 0000 0000 0000 0000 / 0000 0000 0000 0000 / 0000 0000 0000 0000 / 0000 0000 0000 0000 / 0000 0000 0000 0000 / 0000 0000 0000 0000 / 0018 1011 0000 0000 / 0000 0000 0000 0000 / 0000 0000 0000 0000 / 2011 0000 0000 0000 / 0000 0000 0000 0000 / 0000 0000 0000 0000 / 0000 0000 0000 0000 / 0000 0000 0000 0000 / 1019 0000 0000 0000 / 0004 0000 0000 0000 / 0000 0000 0000 0000 / 0000 0000 0000 0000 / 0000 0000 0000 0000 / 0000 0000 0000 0000 / 0000 0000 0000 0000 / 0000 0000 0000 0000 / 0000 0000 0000 0000 / 0000 0000 0000 0000 / 0000 0000 0000 0000 / 0000 0000 0000 0000 / 0000 0000 0000 0000 / 0000 0000 0000 0000 / 0000 0000 0000 0000 / 2002 0000 0000 0000 / 0000 0000 0000 0000 / 0000 0000 0000 0000 / 0000 0000 0000 0000 / 0000 0000 0000 0000 / 0000 0000 0000 0000 / 0000 0000 0000 0000 / 0000 0000 0000 0000 / 0000 0000 0000 0000 / 0002 0000 0000 0000 / 0000 0000 0000 0000 / 0000 0000 0000 0000 / 0000 0000 0000 0000 / 0000 0000 0000 0000 / 0000 0000 0000 0000 / 0000 0000 0000 0000 / 0000 0000 0000 0000 / 0000 0000 0000 0000 / 0000 0000 0000 0000 / 0000 0000 0000 0000 / 0000 0000 0000 0000 / 0000 0000 0000 0000 / 0000 0000 0000 0000 / 0000 0000 0000 0000 / 0000 0000 0000 0000 / 0000 0000 0000 0000 / 0000 0000 0000 0000 / 0000 0000 0000 0000 / 0000 0000 0000 0000 / 0000 0000 0000 0000 / 0000 0000 0000 0000 / 0000 0000 0000 0000 / 0000 0000 0000 0000 / 0000 0000 0000 0000 / 0000 0000 0000 0000 / 0007 0000 0000 0000 / 0000 0000 0000 0000 / 0000 0000 0000 0000 / 0000 0000 0000 0000 / 0000 0000 0000 0000 / 0000 0000 0000 0000 / 0003 0000 0000 0000
0020 0000 0000 0000 / 0000 0000 0000 0000 / 0000 0000 0000 0000 / 0000 0000 0000 0000 / 0000 0000 0000 0000 / 0000 0000 0000 0000 / 0000 0000 0000 0000 / 0000 0000 0000 0000 / 0000 0000 0000 0000 / 0002 0000 0000 0000 / 0002 0000 0000 0000 / 0002 0000 0000 0000 / 0002 0000 0000 0000 / 0000 0000 0000 0000 / 0000 0000 0000 0000 / 0000 0000 0000 0000 / 0000 0000 0000 0000 / 0002 0000 0000 0000 / 0002 0000 0000 0000 / 0002 0000 0000 0000 / 0002 0000 0000 0000 / 0002 0000 0000 0000 / 0002 0000 0000 0000 / 0002 0000 0000 0000 / 0002 0000 0000 0000 / 0002 0000 0000 0000 / 0002 0000 0000 0000 / 0002 0000 0000 0000 / 0002 0000 0000 0000 / 0002 0000 0000 0000 / 0002 0000 0000 0000 / 0002 0000 0000 0000 / 0002 0000 0000 0000 / 0002 0000 0000 0000 / 0002 0000 0000 0000 / 0002 0000 0000 0000 / 0002 0000 0000 0000 / 0002 0000 0000 0000 / 0002 0000 0000 0000 / 0002 0000 0000 0000 / 0002 0000 0000 0000 / 0002 0000 0000 0000 / 0002 0000 0000 0000 / 0002 0000 0000 0000 / 0002 0000 0000 0000 / 0002 0000 0000 0000 / 0002 0000 0000 0000 / 0002 0000 0000 0000 / 0002 0000 0000 0000 / 0002 0000 0000 0000 / 0002 0000 0000 0000 / 0002 0000 0000 0000 / 0002 0000 0000 0000 / 0002 0000 0000 0000 / 0002 0000 0000 0000 / 0002 0000 0000 0000 / 0002 0000 0000 0000 / 0002 0000 0000 0000 / 0002 0000 0000 0000 / 0002 0000 0000 0000 / 0002 0000 0000 0000 / 0002 0000 0000 0000 / 0002 0000 0000 0000 / 0002 0000 0000 0000 / 0002 0000 0000 0000 / 0002 0000 0000 0000 / 0002 0000 0000 0000 / 0002 0000 0000 0000 / 0002 0000 0000 0000 / 0002 0000 0000 0000 / 0002 0000 0000 0000 / 0002 0000 0000 0000 / 0002 0000 0000 0000 / 0002 0000 0000 0000 / 0002 0000 0000 0000 / 0002 0000 0000 0000 / 0002 0000 0000 0000 / 0002 0000 0000 0000 / 0002 0000 0000 0000 / 0002 0000 0000 0000 / 0002 0000 0000 0000 / 0000 0000 0000 0000 / 0000 0000 0000 0000 / 0000 0000 0000 0000 / 0000 0000 0000 0000 / 0000 0000 0000 0000 / 0000 0000 0000 0000 / 0000 0000 0000 0000 / 2011 0000 0000 0000 / 0000 0000 0000 0000 / 0000 0000 0000 0000 / 0000 0000 0000 0000 / 0000 0000 0000 0000 / 0000 0000 0000 0000 / 0017 0000 0000 0000 / 0000 0000 0000 0000 / 0000 0000 0000 0000 / 1011 0000 0000 0000 / 0000 0000 0000 0000 / 0000 0000 0000 0000 / 0000 0000 0000 0000 / 0000 0000 0000 0000 / 1003 0000 0000 0000 / 0008 0000 0000 0000 / 0008 0000 0000 0000 / 0007 0000 0000 0000 / 0000 0000 0000 0000 / 0000 0000 0000 0000 / 0000 0000 0000 0000 / 0000 0000 0000 0000 / 0000 0000 0000 0000 / 0000 0000 0000 0000 / 0003 0000 0000 0000
0020 0000 0000 0000 / 0000 0000 0000 0000 / 0000 0000 0000 0000 / 0000 0000 0000 0000 / 0000 0000 0000 0000 / 0000 0000 0000 0000 / 0000 0000 0000 0000 / 0000 0000 0000 0000 / 0000 0000 0000 0000 / 0000 0000 0000 0000 / 0000 0000 0000 0000 / 0000 0000 0000 0000 / 0000 0000 0000 0000 / 0000 0000 0000 0000 / 0000 0000 0000 0000 / 0000 0000 0000 0000 / 0000 0000 0000 0000 / 0000 0000 0000 0000 / 0000 0000 0000 0000 / 0000 0000 0000 0000 / 0000 0000 0000 0000 / 0000 0000 0000 0000 / 0000 0000 0000 0000 / 0000 0000 0000 0000 / 0000 0000 0000 0000 / 0000 0000 0000 0000 / 0000 0000 0000 0000 / 0000 0000 0000 0000 / 0000 0000 0000 0000 / 0000 0000 0000 0000 / 0000 0000 0000 0000 / 0000 0000 0000 0000 / 0000 0000 0000 0000 / 0000 0000 0000 0000 / 0000 0000 0000 0000 / 0000 0000 0000 0000 / 0000 0000 0000 0000 / 0000 0000 0000 0000 / 0000 0000 0000 0000 / 0000 0000 0000 0000 / 0000 0000 0000 0000 / 0000 0000 0000 0000 / 0000 0000 0000 0000 / 0000 0000 0000 0000 / 0000 0000 0000 0000 / 0000 0000 0000 0000 / 0000 0000 0000 0000 / 0000 0000 0000 0000 / 0000 0000 0000 0000 / 0000 0000 0000 0000 / 0000 0000 0000 0000 / 0000 0000 0000 0000 / 0000 0000 0000 0000 / 0000 0000 0000 0000 / 0000 0000 0000 0000 / 0000 0000 0000 0000 / 0000 0000 0000 0000 / 0000 0000 0000 0000 / 0000 0000 0000 0000 / 0000 0000 0000 0000 / 0000 0000 0000 0000 / 0000 0000 0000 0000 / 0000 0000 0000 0000 / 0000 0000 0000 0000 / 0000 0000 0000 0000 / 0000 0000 0000 0000 / 0000 0000 0000 0000 / 0000 0000 0000 0000 / 0000 0000 0000 0000 / 0000 0000 0000 0000 / 0000 0000 0000 0000 / 0000 0000 0000 0000 / 0000 0000 0000 0000 / 0000 0000 0000 0000 / 0000 0000 0000 0000 / 0000 0000 0000 0000 / 0000 0000 0000 0000 / 0000 0000 0000 0000 / 0000 0000 0000 0000 / 0000 0000 0000 0000 / 0000 0000 0000 0000 / 0007 0000 0000 0000 / 0008 0000 0000 0000 / 0008 0000 0000 0000 / 0000 0000 0000 0000 / 0000 0000 0000 0000 / 0000 0000 0000 0000 / 0000 0000 0000 0000 / 0000 0000 0000 0000 / 0000 0000 0000 0000 / 0008 0000 0000 0000 / 0000 0000 0000 0000 / 0008 0000 0000 0000 / 0008 0000 0000 0000 / 0008 0000 0000 0000 / 0007 0000 0000 0000 / 0008 0000 0000 0000 / 0008 0000 0000 0000 / 0008 0000 0000 0000 / 0000 0000 0000 0000 / 2002 0000 0000 0000 / 0008 0000 0000 0000 / 0008 0000 0000 0000 / 0007 0000 0000 0000 / 0007 0000 0000 0000 / 0000 0000 0000 0000 / 0000 0000 0000 0000 / 0000 0000 0000 0000 / 0000 0000 0000 0000 / 0000 0000 0000 0000 / 0000 0000 0000 0000 / 0000 0000 0000 0000 / 0003 0000 0000 0000
0020 0000 0000 0000 / 0000 0000 0000 0000 / 0000 0000 0000 0000 / 0000 0000 0000 0000 / 0000 0000 0000 0000 / 0000 0000 0000 0000 / 0000 0000 0000 0000 / 0000 0000 0000 0000 / 0000 0000 0000 0000 / 0000 0000 0000 0000 / 0000 0000 0000 0000 / 0000 0000 0000 0000 / 0000 0000 0000 0000 / 0002 0000 0000 0000 / 0000 0000 0000 0000 / 0000 0000 0000 0000 / 0000 0000 0000 0000 / 0000 0000 0000 0000 / 0000 0000 0000 0000 / 0000 0000 0000 0000 / 0000 0000 0000 0000 / 0000 0000 0000 0000 / 0000 0000 0000 0000 / 0000 0000 0000 0000 / 0000 0000 0000 0000 / 0000 0000 0000 0000 / 0000 0000 0000 0000 / 0000 0000 0000 0000 / 0000 0000 0000 0000 / 0000 0000 0000 0000 / 1009 0000 0000 0000 / 0000 0000 0000 0000 / 0000 0000 0000 0000 / 0000 0000 0000 0000 / 0000 0000 0000 0000 / 0000 0000 0000 0000 / 0000 0000 0000 0000 / 0000 0000 0000 0000 / 0000 0000 0000 0000 / 0000 0000 0000 0000 / 0000 0000 0000 0000 / 0000 0000 0000 0000 / 0000 0000 0000 0000 / 0000 0000 0000 0000 / 0000 0000 0000 0000 / 0000 0000 0000 0000 / 0000 0000 0000 0000 / 0000 0000 0000 0000 / 0000 0000 0000 0000 / 0000 0000 0000 0000 / 0000 0000 0000 0000 / 0000 0000 0000 0000 / 0000 0000 0000 0000 / 0000 0000 0000 0000 / 0000 0000 0000 0000 / 0000 0000 0000 0000 / 0000 0000 0000 0000 / 0000 0000 0000 0000 / 0000 0000 0000 0000 / 0000 0000 0000 0000 / 0000 0000 0000 0000 / 0000 0000 0000 0000 / 0000 0000 0000 0000 / 0000 0000 0000 0000 / 0000 0000 0000 0000 / 0000 0000 0000 0000 / 0000 0000 0000 0000 / 0000 0000 0000 0000 / 0000 0000 0000 0000 / 0000 0000 0000 0000 / 0000 0000 0000 0000 / 0000 0000 0000 0000 / 0000 0000 0000 0000 / 0000 0000 0000 0000 / 0000 0000 0000 0000 / 0000 0000 0000 0000 / 0000 0000 0000 0000 / 0000 0000 0000 0000 / 0000 0000 0000 0000 / 0000 0000 0000 0000 / 0000 0000 0000 0000 / 0000 0000 0000 0000 / 0007 0000 0000 0000 / 0007 0000 0000 0000 / 0008 0000 0000 0000 / 0008 0000 0000 0000 / 0008 0000 0000 0000 / 0007 0000 0000 0000 / 0007 0000 0000 0000 / 0008 0000 0000 0000 / 0007 0000 0000 0000 / 0008 0000 0000 0000 / 0007 0000 0000 0000 / 0007 0000 0000 0000 / 0007 0000 0000 0000 / 0008 0000 0000 0000 / 0007 0000 0000 0000 / 0007 0000 0000 0000 / 0007 0000 0000 0000 / 0008 0000 0000 0000 / 0008 0000 0000 0000 / 0007 0000 0000 0000 / 0007 0000 0000 0000 / 0000 0000 0000 0000 / 0000 0000 0000 0000 / 0000 0000 0000 0000 / 0000 0000 0000 0000 / 0000 0000 0000 0000 / 0000 0000 0000 0000 / 0000 0000 0000 0000 / 0000 0000 0000 0000 / 0000 0000 0000 0000 / 0003 0000 0000 0000
0020 0000 0000 0000 / 0000 0000 0000 0000 / 0000 0000 0000 0000 / 0000 0000 0000 0000 / 0000 0000 0000 0000 / 0000 0000 0000 0000 / 0000 0000 0000 0000 / 0000 0000 0000 0000 / 0000 0000 0000 0000 / 0000 0000 0000 0000 / 0000 0000 0000 0000 / 0000 0000 0000 0000 / 0000 0000 0000 0000 / 0000 0000 0000 0000 / 0000 0000 0000 0000 / 0000 0000 0000 0000 / 0000 0000 0000 0000 / 0004 0000 0000 0000 / 0004 0000 0000 0000 / 0004 0000 0000 0000 / 0004 0000 0000 0000 / 0004 0000 0000 0000 / 0004 0000 0000 0000 / 0004 0000 0000 0000 / 0004 0000 0000 0000 / 0004 0000 0000 0000 / 0004 0000 0000 0000 / 0004 0000 0000 0000 / 0004 0000 0000 0000 / 0004 0000 0000 0000 / 0004 0000 0000 0000 / 0004 0000 0000 0000 / 0004 0000 0000 0000 / 0004 0000 0000 0000 / 0000 0000 0000 0000 / 0000 0000 0000 0000 / 0000 0000 0000 0000 / 0000 0000 0000 0000 / 0000 0000 0000 0000 / 0000 0000 0000 0000 / 0000 0000 0000 0000 / 0000 0000 0000 0000 / 0000 0000 0000 0000 / 0000 0000 0000 0000 / 0000 0000 0000 0000 / 0000 0000 0000 0000 / 0000 0000 0000 0000 / 0000 0000 0000 0000 / 0000 0000 0000 0000 / 0000 0000 0000 0000 / 0000 0000 0000 0000 / 0000 0000 0000 0000 / 0000 0000 0000 0000 / 0000 0000 0000 0000 / 0000 0000 0000 0000 / 0000 0000 0000 0000 / 0000 0000 0000 0000 / 0000 0000 0000 0000 / 0000 0000 0000 0000 / 0000 0000 0000 0000 / 0015 0000 0000 0000 / 0000 0000 0000 0000 / 0000 0000 0000 0000 / 0000 0000 0000 0000 / 0000 0000 0000 0000 / 0000 0000 0000 0000 / 0000 0000 0000 0000 / 0000 0000 0000 0000 / 0000 0000 0000 0000 / 0000 0000 0000 0000 / 0000 0000 0000 0000 / 0000 0000 0000 0000 / 0000 0000 0000 0000 / 0000 0000 0000 0000 / 0000 0000 0000 0000 / 0000 0000 0000 0000 / 0000 0000 0000 0000 / 0000 0000 0000 0000 / 0000 0000 0000 0000 / 0000 0000 0000 0000 / 0000 0000 0000 0000 / 0000 0000 0000 0000 / 0000 0000 0000 0000 / 0000 0000 0000 0000 / 0007 0000 0000 0000 / 0007 0000 0000 0000 / 0007 0000 0000 0000 / 0000 0000 0000 0000 / 0000 0000 0000 0000 / 0007 0000 0000 0000 / 0007 0000 0000 0000 / 0007 0000 0000 0000 / 0000 0000 0000 0000 / 0000 0000 0000 0000 / 0000 0000 0000 0000 / 0000 0000 0000 0000 / 0000 0000 0000 0000 / 0000 0000 0000 0000 / 0000 0000 0000 0000 / 0007 0000 0000 0000 / 0007 0000 0000 0000 / 0000 0000 0000 0000 / 0000 0000 0000 0000 / 0000 0000 0000 0000 / 0000 0000 0000 0000 / 0000 0000 0000 0000 / 0000 0000 0000 0000 / 0000 0000 0000 0000 / 0017 0000 0000 0000 / 0000 0000 0000 0000 / 1011 0000 0000 0000 / 1014 0000 0000 0000 / 0003 0000 0000 0000
0020 0000 0000 0000 / 0000 0000 0000 0000 / 0000 0000 0000 0000 / 0000 0000 0000 0000 / 0000 0000 0000 0000 / 0000 0000 0000 0000 / 0000 0000 0000 0000 / 0000 0000 0000 0000 / 0000 0000 0000 0000 / 0000 0000 0000 0000 / 0000 0000 0000 0000 / 0000 0000 0000 0000 / 0000 0000 0000 0000 / 0000 0000 0000 0000 / 0000 0000 0000 0000 / 0000 0000 0000 0000 / 0004 0000 0000 0000 / 0000 0000 0000 0000 / 0000 0000 0000 0000 / 0000 0000 0000 0000 / 0000 0000 0000 0000 / 0000 0000 0000 0000 / 0000 0000 0000 0000 / 0000 0000 0000 0000 / 0000 0000 0000 0000 / 0000 0000 0000 0000 / 0000 0000 0000 0000 / 0000 0000 0000 0000 / 0000 0000 0000 0000 / 0000 0000 0000 0000 / 0000 0000 0000 0000 / 0000 0000 0000 0000 / 0000 0000 0000 0000 / 0000 0000 0000 0000 / 0004 0000 0000 0000 / 0000 0000 0000 0000 / 0000 0000 0000 0000 / 0000 0000 0000 0000 / 0000 0000 0000 0000 / 0000 0000 0000 0000 / 0000 0000 0000 0000 / 0004 0000 0000 0000 / 0004 0000 0000 0000 / 0004 0000 0000 0000 / 0000 0000 0000 0000 / 0000 0000 0000 0000 / 0000 0000 0000 0000 / 0000 0000 0000 0000 / 0000 0000 0000 0000 / 1011 0000 0000 0000 / 0000 0000 0000 0000 / 2002 0000 0000 0000 / 0000 0000 0000 0000 / 0000 0000 0000 0000 / 2002 0000 0000 0000 / 0000 0000 0000 0000 / 0000 0000 0000 0000 / 0000 0000 0000 0000 / 0000 0000 0000 0000 / 0004 0000 0000 0000 / 0004 0000 0000 0000 / 0004 0000 0000 0000 / 0004 0000 0000 0000 / 0004 0000 0000 0000 / 0004 0000 0000 0000 / 0004 0000 0000 0000 / 0004 0000 0000 0000 / 0000 0000 0000 0000 / 0000 0000 0000 0000 / 0000 0000 0000 0000 / 0000 0000 0000 0000 / 0000 0000 0000 0000 / 0000 0000 0000 0000 / 0000 0000 0000 0000 / 0000 0000 0000 0000 / 0000 0000 0000 0000 / 0000 0000 0000 0000 / 0000 0000 0000 0000 / 0000 0000 0000 0000 / 0000 0000 0000 0000 / 0000 0000 0000 0000 / 0000 0000 0000 0000 / 0000 0000 0000 0000 / 0000 0000 0000 0000 / 0000 0000 0000 0000 / 0000 0000 0000 0000 / 0000 0000 0000 0000 / 0000 0000 0000 0000 / 0000 0000 0000 0000 / 0000 0000 0000 0000 / 0000 0000 0000 0000 / 0000 0000 0000 0000 / 0000 0000 0000 0000 / 0000 0000 0000 0000 / 0000 0000 0000 0000 / 0000 0000 0000 0000 / 0000 0000 0000 0000 / 0000 0000 0000 0000 / 0000 0000 0000 0000 / 0000 0000 0000 0000 / 0000 0000 0000 0000 / 0000 0000 0000 0000 / 0000 0000 0000 0000 / 0000 0000 0000 0000 / 0007 0000 0000 0000 / 0007 0000 0000 0000 / 0007 0000 0000 0000 / 0007 0000 0000 0000 / 0007 0000 0000 0000 / 0007 0000 0000 0000 / 0007 0000 0000 0000 / 0007 0000 0000 0000 / 0003 0000 0000 0000
0020 0000 0000 0000 / 0000 0000 0000 0000 / 0000 0000 0000 0000 / 0000 0000 0000 0000 / 0000 0000 0000 0000 / 0000 0000 0000 0000 / 0000 0000 0000 0000 / 0000 0000 0000 0000 / 0000 0000 0000 0000 / 0000 0000 0000 0000 / 0000 0000 0000 0000 / 0000 0000 0000 0000 / 0000 0000 0000 0000 / 0000 0000 0000 0000 / 0000 0000 0000 0000 / 0004 0000 0000 0000 / 0000 0000 0000 0000 / 0000 0000 0000 0000 / 0000 0000 0000 0000 / 0000 0000 0000 0000 / 0000 0000 0000 0000 / 0000 0000 0000 0000 / 0000 0000 0000 0000 / 0000 0000 0000 0000 / 0000 0000 0000 0000 / 0000 0000 0000 0000 / 0000 0000 0000 0000 / 0000 0000 0000 0000 / 0000 0000 0000 0000 / 0000 0000 0000 0000 / 0000 0000 0000 0000 / 0000 0000 0000 0000 / 0000 0000 0000 0000 / 0000 0000 0000 0000 / 0000 0000 0000 0000 / 0004 0000 0000 0000 / 0000 0000 0000 0000 / 0000 0000 0000 0000 / 2002 0000 0000 0000 / 0000 0000 0000 0000 / 0004 0000 0000 0000 / 0000 0000 0000 0000 / 0000 0000 0000 0000 / 0000 0000 0000 0000 / 0004 0000 0000 0000 / 0004 0000 0000 0000 / 0004 0000 0000 0000 / 0004 0000 0000 0000 / 0004 0000 0000 0000 / 0004 0000 0000 0000 / 0004 0000 0000 0000 / 0004 0000 0000 0000 / 0004 0000 0000 0000 / 0004 0000 0000 0000 / 0004 0000 0000 0000 / 0004 0000 0000 0000 / 0004 0000 0000 0000 / 0004 0000 0000 0000 / 0004 0000 0000 0000 / 0000 0000 0000 0000 / 0000 0000 0000 0000 / 0000 0000 0000 0000 / 0000 0000 0000 0000 / 0000 0000 0000 0000 / 0000 0000 0000 0000 / 0000 0000 0000 0000 / 0000 0000 0000 0000 / 0000 0000 0000 0000 / 0004 0000 0000 0000 / 0004 0000 0000 0000 / 0004 0000 0000 0000 / 0000 0000 0000 0000 / 0000 0000 0000 0000 / 0000 0000 0000 0000 / 0004 0000 0000 0000 / 0000 0000 0000 0000 / 0000 0000 0000 0000 / 0000 0000 0000 0000 / 0004 0000 0000 0000 / 0004 0000 0000 0000 / 0004 0000 0000 0000 / 0004 0000 0000 0000 / 0000 0000 0000 0000 / 0000 0000 0000 0000 / 0000 0000 0000 0000 / 0000 0000 0000 0000 / 0000 0000 0000 0000 / 0000 0000 0000 0000 / 0000 0000 0000 0000 / 0000 0000 0000 0000 / 0000 0000 0000 0000 / 0000 0000 0000 0000 / 0000 0000 0000 0000 / 0000 0000 0000 0000 / 0000 0000 0000 0000 / 0000 0000 0000 0000 / 0000 0000 0000 0000 / 0000 0000 0000 0000 / 0000 0000 0000 0000 / 0000 0000 0000 0000 / 0000 0000 0000 0000 / 0000 0000 0000 0000 / 0000 0000 0000 0000 / 0007 0000 0000 0000 / 0000 0000 0000 0000 / 0000 0000 0000 0000 / 0000 0000 0000 0000 / 0000 0000 0000 0000 / 0022 0000 0000 0000 / 0000 0000 0000 0000 / 0000 0000 0000 0000 / 0000 0000 0000 0000 / 0003 0000 0000 0000
0020 0000 0000 0000 / 0000 0000 0000 0000 / 0000 0000 0000 0000 / 0000 0000 0000 0000 / 0000 0000 0000 0000 / 0000 0000 0000 0000 / 0000 0000 0000 0000 / 0000 0000 0000 0000 / 0000 0000 0000 0000 / 0000 0000 0000 0000 / 0000 0000 0000 0000 / 0004 0000 0000 0000 / 0000 0000 0000 0000 / 0000 0000 0000 0000 / 0000 0000 0000 0000 / 0000 0000 0000 0000 / 0000 0000 0000 0000 / 0000 0000 0000 0000 / 0000 0000 0000 0000 / 0000 0000 0000 0000 / 0000 0000 0000 0000 / 0000 0000 0000 0000 / 0000 0000 0000 0000 / 0000 0000 0000 0000 / 0000 0000 0000 0000 / 0000 0000 0000 0000 / 0000 0000 0000 0000 / 0000 0000 0000 0000 / 0000 0000 0000 0000 / 0000 0000 0000 0000 / 0000 0000 0000 0000 / 0000 0000 0000 0000 / 0000 0000 0000 0000 / 0000 0000 0000 0000 / 0000 0000 0000 0000 / 0000 0000 0000 0000 / 0004 0000 0000 0000 / 0004 0000 0000 0000 / 0004 0000 0000 0000 / 0004 0000 0000 0000 / 0000 0000 0000 0000 / 0000 0000 0000 0000 / 0000 0000 0000 0000 / 0000 0000 0000 0000 / 0000 0000 0000 0000 / 0000 0000 0000 0000 / 0000 0000 0000 0000 / 0000 0000 0000 0000 / 0000 0000 0000 0000 / 0000 0000 0000 0000 / 0000 0000 0000 0000 / 0000 0000 0000 0000 / 0000 0000 0000 0000 / 0000 0000 0000 0000 / 0000 0000 0000 0000 / 0000 0000 0000 0000 / 0000 0000 0000 0000 / 0000 0000 0000 0000 / 0000 0000 0000 0000 / 0000 0000 0000 0000 / 0000 0000 0000 0000 / 0000 0000 0000 0000 / 0000 0000 0000 0000 / 0000 0000 0000 0000 / 0000 0000 0000 0000 / 0000 0000 0000 0000 / 0000 0000 0000 0000 / 0000 0000 0000 0000 / 0000 0000 0000 0000 / 0000 0000 0000 0000 / 0000 0000 0000 0000 / 0000 0000 0000 0000 / 0000 0000 0000 0000 / 0000 0000 0000 0000 / 0000 0000 0000 0000 / 0000 0000 0000 0000 / 0000 0000 0000 0000 / 0000 0000 0000 0000 / 0000 0000 0000 0000 / 0000 0000 0000 0000 / 0000 0000 0000 0000 / 0000 0000 0000 0000 / 0000 0000 0000 0000 / 0004 0000 0000 0000 / 0000 0000 0000 0000 / 0000 0000 0000 0000 / 2011 0000 0000 0000 / 0000 0000 0000 0000 / 0000 0000 0000 0000 / 0000 0000 0000 0000 / 0004 0000 0000 0000 / 0000 0000 0000 0000 / 0004 0000 0000 0000 / 0004 0000 0000 0000 / 0000 0000 0000 0000 / 0000 0000 0000 0000 / 0000 0000 0000 0000 / 0000 0000 0000 0000 / 0000 0000 0000 0000 / 0000 0000 0000 0000 / 0000 0000 0000 0000 / 0000 0000 0000 0000 / 0000 0000 0000 0000 / 0007 0000 0000 0000 / 0000 0000 0000 0000 / 0000 0000 0000 0000 / 0000 0000 0000 0000 / 0000 0000 0000 0000 / 0000 0000 0000 0000 / 0000 0000 0000 0000 / 0000 0000 0000 0000 / 0000 0000 0000 0000 / 0003 0000 0000 0000
0020 0000 0000 0000 / 0000 0000 0000 0000 / 0000 0000 0000 0000 / 0000 0000 0000 0000 / 0000 0000 0000 0000 / 0000 0000 0000 0000 / 0000 0000 0000 0000 / 0000 0000 0000 0000 / 0000 0000 0000 0000 / 0000 0000 0000 0000 / 0000 0000 0000 0000 / 0000 0000 0000 0000 / 0004 0000 0000 0000 / 0000 0000 0000 0000 / 0000 0000 0000 0000 / 0000 0000 0000 0000 / 0000 0000 0000 0000 / 0000 0000 0000 0000 / 0000 0000 0000 0000 / 0004 0000 0000 0000 / 0004 0000 0000 0000 / 0004 0000 0000 0000 / 0004 0000 0000 0000 / 0004 0000 0000 0000 / 0000 0000 0000 0000 / 0000 0000 0000 0000 / 0000 0000 0000 0000 / 0000 0000 0000 0000 / 0000 0000 0000 0000 / 0000 0000 0000 0000 / 0000 0000 0000 0000 / 0000 0000 0000 0000 / 0000 0000 0000 0000 / 0000 0000 0000 0000 / 0000 0000 0000 0000 / 0000 0000 0000 0000 / 0000 0000 0000 0000 / 0000 0000 0000 0000 / 0000 0000 0000 0000 / 0000 0000 0000 0000 / 0000 0000 0000 0000 / 0000 0000 0000 0000 / 0000 0000 0000 0000 / 0000 0000 0000 0000 / 0000 0000 0000 0000 / 0000 0000 0000 0000 / 0000 0000 0000 0000 / 0000 0000 0000 0000 / 0000 0000 0000 0000 / 0000 0000 0000 0000 / 0000 0000 0000 0000 / 0000 0000 0000 0000 / 0000 0000 0000 0000 / 0000 0000 0000 0000 / 0000 0000 0000 0000 / 0000 0000 0000 0000 / 0000 0000 0000 0000 / 0000 0000 0000 0000 / 0000 0000 0000 0000 / 0000 0000 0000 0000 / 0000 0000 0000 0000 / 0000 0000 0000 0000 / 0000 0000 0000 0000 / 0000 0000 0000 0000 / 0000 0000 0000 0000 / 0000 0000 0000 0000 / 0000 0000 0000 0000 / 0000 0000 0000 0000 / 0000 0000 0000 0000 / 0000 0000 0000 0000 / 0000 0000 0000 0000 / 0000 0000 0000 0000 / 0000 0000 0000 0000 / 0000 0000 0000 0000 / 0000 0000 0000 0000 / 0000 0000 0000 0000 / 0000 0000 0000 0000 / 0000 0000 0000 0000 / 0000 0000 0000 0000 / 0000 0000 0000 0000 / 0000 0000 0000 0000 / 0000 0000 0000 0000 / 0000 0000 0000 0000 / 0000 0000 0000 0000 / 0004 0000 0000 0000 / 0004 0000 0000 0000 / 0004 0000 0000 0000 / 0004 0000 0000 0000 / 0004 0000 0000 0000 / 0004 0000 0000 0000 / 0000 0000 0000 0000 / 0000 0000 0000 0000 / 0000 0000 0000 0000 / 0000 0000 0000 0000 / 0000 0000 0000 0000 / 0000 0000 0000 0000 / 0000 0000 0000 0000 / 0000 0000 0000 0000 / 0000 0000 0000 0000 / 0000 0000 0000 0000 / 0000 0000 0000 0000 / 0000 0000 0000 0000 / 0000 0000 0000 0000 / 0026 0000 0000 0000 / 0000 0000 0000 0000 / 0000 0000 0000 0000 / 0000 0000 0000 0000 / 0000 0000 0000 0000 / 0000 0000 0000 0000 / 0000 0000 0000 0000 / 0000 0000 0000 0000 / 0000 0000 0000 0000 / 0003 0000 0000 0000
0020 0000 0000 0000 / 0000 0000 0000 0000 / 0000 0000 0000 0000 / 0000 0000 0000 0000 / 0000 0000 0000 0000 / 0000 0000 0000 0000 / 0000 0000 0000 0000 / 0000 0000 0000 0000 / 0000 0000 0000 0000 / 0000 0000 0000 0000 / 0000 0000 0000 0000 / 0000 0000 0000 0000 / 0000 0000 0000 0000 / 0004 0000 0000 0000 / 0000 0000 0000 0000 / 0000 0000 0000 0000 / 0000 0000 0000 0000 / 0000 0000 0000 0000 / 0004 0000 0000 0000 / 0000 0000 0000 0000 / 0000 0000 0000 0000 / 0000 0000 0000 0000 / 0000 0000 0000 0000 / 0000 0000 0000 0000 / 0004 0000 0000 0000 / 0004 0000 0000 0000 / 0004 0000 0000 0000 / 0004 0000 0000 0000 / 0004 0000 0000 0000 / 0000 0000 0000 0000 / 0000 0000 0000 0000 / 2002 0000 0000 0000 / 0000 0000 0000 0000 / 0000 0000 0000 0000 / 0000 0000 0000 0000 / 0000 0000 0000 0000 / 0000 0000 0000 0000 / 0000 0000 0000 0000 / 0000 0000 0000 0000 / 0000 0000 0000 0000 / 1019 0000 0000 0000 / 0000 0000 0000 0000 / 0000 0000 0000 0000 / 0004 0000 0000 0000 / 0004 0000 0000 0000 / 0004 0000 0000 0000 / 0000 0000 0000 0000 / 0000 0000 0000 0000 / 0000 0000 0000 0000 / 0000 0000 0000 0000 / 0000 0000 0000 0000 / 0000 0000 0000 0000 / 0000 0000 0000 0000 / 0000 0000 0000 0000 / 0000 0000 0000 0000 / 0000 0000 0000 0000 / 0000 0000 0000 0000 / 0000 0000 0000 0000 / 0000 0000 0000 0000 / 0000 0000 0000 0000 / 0000 0000 0000 0000 / 0000 0000 0000 0000 / 0000 0000 0000 0000 / 0000 0000 0000 0000 / 0000 0000 0000 0000 / 0000 0000 0000 0000 / 0000 0000 0000 0000 / 0000 0000 0000 0000 / 0000 0000 0000 0000 / 0000 0000 0000 0000 / 0000 0000 0000 0000 / 0000 0000 0000 0000 / 0000 0000 0000 0000 / 0000 0000 0000 0000 / 0000 0000 0000 0000 / 0000 0000 0000 0000 / 0000 0000 0000 0000 / 0000 0000 0000 0000 / 0000 0000 0000 0000 / 0000 0000 0000 0000 / 0000 0000 0000 0000 / 0000 0000 0000 0000 / 0000 0000 0000 0000 / 0000 0000 0000 0000 / 0000 0000 0000 0000 / 0000 0000 0000 0000 / 0000 0000 0000 0000 / 0000 0000 0000 0000 / 0000 0000 0000 0000 / 0000 0000 0000 0000 / 0000 0000 0000 0000 / 0000 0000 0000 0000 / 0000 0000 0000 0000 / 0000 0000 0000 0000 / 0000 0000 0000 0000 / 0000 0000 0000 0000 / 0000 0000 0000 0000 / 0000 0000 0000 0000 / 0000 0000 0000 0000 / 0000 0000 0000 0000 / 0000 0000 0000 0000 / 0000 0000 0000 0000 / 0000 0000 0000 0000 / 0000 0000 0000 0000 / 0000 0000 0000 0000 / 0000 0000 0000 0000 / 0000 0000 0000 0000 / 0015 0000 0000 0000 / 1029 0000 0000 0000 / 1029 0000 0000 0000 / 0000 0000 0000 0000 / 0000 0000 0000 0000 / 0003 0000 0000 0000
0020 0000 0000 0000 / 0000 0000 0000 0000 / 0000 0000 0000 0000 / 0000 0000 0000 0000 / 0000 0000 0000 0000 / 0000 0000 0000 0000 / 0000 0000 0000 0000 / 0000 0000 0000 0000 / 0000 0000 0000 0000 / 0000 0000 0000 0000 / 0000 0000 0000 0000 / 0000 0000 0000 0000 / 0000 0000 0000 0000 / 0000 0000 0000 0000 / 0004 0000 0000 0000 / 0000 0000 0000 0000 / 0000 0000 0000 0000 / 0000 0000 0000 0000 / 0000 0000 0000 0000 / 0000 0000 0000 0000 / 0000 0000 0000 0000 / 0000 0000 0000 0000 / 0000 0000 0000 0000 / 0000 0000 0000 0000 / 0000 0000 0000 0000 / 0000 0000 0000 0000 / 0000 0000 0000 0000 / 0000 0000 0000 0000 / 0000 0000 0000 0000 / 0004 0000 0000 0000 / 0004 0000 0000 0000 / 0004 0000 0000 0000 / 0004 0000 0000 0000 / 0004 0000 0000 0000 / 0004 0000 0000 0000 / 0004 0000 0000 0000 / 0004 0000 0000 0000 / 0004 0000 0000 0000 / 0004 0000 0000 0000 / 0004 0000 0000 0000 / 0004 0000 0000 0000 / 0004 0000 0000 0000 / 0004 0000 0000 0000 / 0000 0000 0000 0000 / 0000 0000 0000 0000 / 0000 0000 0000 0000 / 0000 0000 0000 0000 / 0000 0000 0000 0000 / 0000 0000 0000 0000 / 0000 0000 0000 0000 / 0000 0000 0000 0000 / 0000 0000 0000 0000 / 0000 0000 0000 0000 / 0000 0000 0000 0000 / 0000 0000 0000 0000 / 0000 0000 0000 0000 / 0000 0000 0000 0000 / 0000 0000 0000 0000 / 0000 0000 0000 0000 / 0000 0000 0000 0000 / 0000 0000 0000 0000 / 0000 0000 0000 0000 / 0000 0000 0000 0000 / 0000 0000 0000 0000 / 0000 0000 0000 0000 / 0000 0000 0000 0000 / 0000 0000 0000 0000 / 0000 0000 0000 0000 / 0000 0000 0000 0000 / 0000 0000 0000 0000 / 0000 0000 0000 0000 / 0000 0000 0000 0000 / 0000 0000 0000 0000 / 0000 0000 0000 0000 / 0000 0000 0000 0000 / 0000 0000 0000 0000 / 0000 0000 0000 0000 / 0000 0000 0000 0000 / 0000 0000 0000 0000 / 0000 0000 0000 0000 / 0000 0000 0000 0000 / 0000 0000 0000 0000 / 0000 0000 0000 0000 / 0000 0000 0000 0000 / 0000 0000 0000 0000 / 0000 0000 0000 0000 / 0000 0000 0000 0000 / 0000 0000 0000 0000 / 0000 0000 0000 0000 / 0000 0000 0000 0000 / 0000 0000 0000 0000 / 0000 0000 0000 0000 / 0000 0000 0000 0000 / 0000 0000 0000 0000 / 0000 0000 0000 0000 / 0000 0000 0000 0000 / 0000 0000 0000 0000 / 0000 0000 0000 0000 / 0000 0000 0000 0000 / 0000 0000 0000 0000 / 0000 0000 0000 0000 / 0000 0000 0000 0000 / 0004 0000 0000 0000 / 0007 0000 0000 0000 / 0007 0000 0000 0000 / 0007 0000 0000 0000 / 0007 0000 0000 0000 / 0007 0000 0000 0000 / 0007 0000 0000 0000 / 0007 0000 0000 0000 / 0007 0000 0000 0000 / 0000 0000 0000 0000 / 0003 0000 0000 0000
0020 0000 0000 0000 / 0000 0000 0000 0000 / 0000 0000 0000 0000 / 0000 0000 0000 0000 / 0000 0000 0000 0000 / 0000 0000 0000 0000 / 0000 0000 0000 0000 / 0000 0000 0000 0000 / 0000 0000 0000 0000 / 0000 0000 0000 0000 / 0000 0000 0000 0000 / 0000 0000 0000 0000 / 0000 0000 0000 0000 / 0000 0000 0000 0000 / 0000 0000 0000 0000 / 0000 0000 0000 0000 / 0000 0000 0000 0000 / 0000 0000 0000 0000 / 0000 0000 0000 0000 / 0000 0000 0000 0000 / 0000 0000 0000 0000 / 0000 0000 0000 0000 / 0000 0000 0000 0000 / 0000 0000 0000 0000 / 0000 0000 0000 0000 / 0000 0000 0000 0000 / 0000 0000 0000 0000 / 0000 0000 0000 0000 / 0000 0000 0000 0000 / 0000 0000 0000 0000 / 0000 0000 0000 0000 / 0000 0000 0000 0000 / 0000 0000 0000 0000 / 0000 0000 0000 0000 / 0000 0000 0000 0000 / 0000 0000 0000 0000 / 0000 0000 0000 0000 / 0000 0000 0000 0000 / 0000 0000 0000 0000 / 0000 0000 0000 0000 / 0000 0000 0000 0000 / 0000 0000 0000 0000 / 0000 0000 0000 0000 / 0000 0000 0000 0000 / 0000 0000 0000 0000 / 0000 0000 0000 0000 / 0000 0000 0000 0000 / 0000 0000 0000 0000 / 0000 0000 0000 0000 / 0000 0000 0000 0000 / 0000 0000 0000 0000 / 0000 0000 0000 0000 / 0000 0000 0000 0000 / 0000 0000 0000 0000 / 0000 0000 0000 0000 / 0000 0000 0000 0000 / 0000 0000 0000 0000 / 0000 0000 0000 0000 / 0000 0000 0000 0000 / 0000 0000 0000 0000 / 0000 0000 0000 0000 / 0000 0000 0000 0000 / 0000 0000 0000 0000 / 0000 0000 0000 0000 / 0000 0000 0000 0000 / 0000 0000 0000 0000 / 0000 0000 0000 0000 / 0000 0000 0000 0000 / 0000 0000 0000 0000 / 0000 0000 0000 0000 / 0000 0000 0000 0000 / 0000 0000 0000 0000 / 0017 0000 0000 0000 / 0000 0000 0000 0000 / 0000 0000 0000 0000 / 0000 0000 0000 0000 / 0000 0000 0000 0000 / 0000 0000 0000 0000 / 0000 0000 0000 0000 / 0000 0000 0000 0000 / 0000 0000 0000 0000 / 0000 0000 0000 0000 / 0000 0000 0000 0000 / 0000 0000 0000 0000 / 0000 0000 0000 0000 / 0000 0000 0000 0000 / 0000 0000 0000 0000 / 0000 0000 0000 0000 / 0028 0000 0000 0000 / 0000 0000 0000 0000 / 0000 0000 0000 0000 / 0000 0000 0000 0000 / 0000 0000 0000 0000 / 0000 0000 0000 0000 / 0000 0000 0000 0000 / 0000 0000 0000 0000 / 0000 0000 0000 0000 / 0000 0000 0000 0000 / 1003 0000 0000 0000 / 0000 0000 0000 0000 / 0000 0000 0000 0000 / 0028 0000 0000 0000 / 0028 0000 0000 0000 / 0028 0000 0000 0000 / 0028 0000 0000 0000 / 0028 0000 0000 0000 / 0000 0000 0000 0000 / 0000 0000 0000 0000 / 0000 0000 0000 0000 / 0000 0000 0000 0000 / 0000 0000 0000 0000 / 0000 0000 0000 0000 / 0003 0000 0000 0000
0020 0000 0000 0000 / 1009 0000 0000 0000 / 1009 0000 0000 0000 / 0000 0000 0000 0000 / 0000 0000 0000 0000 / 0000 0000 0000 0000 / 0000 0000 0000 0000 / 0000 0000 0000 0000 / 0017 0000 0000 0000 / 0000 0000 0000 0000 / 0000 0000 0000 0000 / 0000 0000 0000 0000 / 0000 0000 0000 0000 / 0000 0000 0000 0000 / 0000 0000 0000 0000 / 0000 0000 0000 0000 / 0000 0000 0000 0000 / 0000 0000 0000 0000 / 0000 0000 0000 0000 / 0000 0000 0000 0000 / 0000 0000 0000 0000 / 2002 0000 0000 0000 / 0000 0000 0000 0000 / 0000 0000 0000 0000 / 0000 0000 0000 0000 / 0000 0000 0000 0000 / 0000 0000 0000 0000 / 0000 0000 0000 0000 / 0000 0000 0000 0000 / 0000 0000 0000 0000 / 0000 0000 0000 0000 / 0000 0000 0000 0000 / 0000 0000 0000 0000 / 0000 0000 0000 0000 / 0000 0000 0000 0000 / 0000 0000 0000 0000 / 0000 0000 0000 0000 / 0000 0000 0000 0000 / 0000 0000 0000 0000 / 0000 0000 0000 0000 / 0000 0000 0000 0000 / 0000 0000 0000 0000 / 0000 0000 0000 0000 / 0000 0000 0000 0000 / 0000 0000 0000 0000 / 0000 0000 0000 0000 / 0000 0000 0000 0000 / 1019 0000 0000 0000 / 0000 0000 0000 0000 / 0000 0000 0000 0000 / 0000 0000 0000 0000 / 0000 0000 0000 0000 / 0000 0000 0000 0000 / 0017 0000 0000 0000 / 0000 0000 0000 0000 / 0000 0000 0000 0000 / 0000 0000 0000 0000 / 0000 0000 0000 0000 / 0000 0000 0000 0000 / 0000 0000 0000 0000 / 0000 0000 0000 0000 / 0000 0000 0000 0000 / 0000 0000 0000 0000 / 0000 0000 0000 0000 / 0000 0000 0000 0000 / 0028 0000 0000 0000 / 0028 0000 0000 0000 / 0028 0000 0000 0000 / 0028 0000 0000 0000 / 0028 0000 0000 0000 / 0028 0000 0000 0000 / 0028 0000 0000 0000 / 0028 0000 0000 0000 / 0028 0000 0000 0000 / 0028 0000 0000 0000 / 0028 0000 0000 0000 / 0028 0000 0000 0000 / 0028 0000 0000 0000 / 0000 0000 0000 0000 / 0000 0000 0000 0000 / 0000 0000 0000 0000 / 0000 0000 0000 0000 / 0000 0000 0000 0000 / 2002 0000 0000 0000 / 0000 0000 0000 0000 / 0000 0000 0000 0000 / 0028 0000 0000 0000 / 0028 0000 0000 0000 / 0028 0000 0000 0000 / 0028 0000 0000 0000 / 0000 0000 0000 0000 / 1009 0000 0000 0000 / 0000 0000 0000 0000 / 0000 0000 0000 0000 / 2002 0000 0000 0000 / 0000 0000 0000 0000 / 0000 0000 0000 0000 / 0000 0000 0000 0000 / 0028 0000 0000 0000 / 0028 0000 0000 0000 / 0028 0000 0000 0000 / 0028 0000 0000 0000 / 0028 0000 0000 0000 / 0028 0000 0000 0000 / 0028 0000 0000 0000 / 0028 0000 0000 0000 / 0028 0000 0000 0000 / 0028 0000 0000 0000 / 0028 0000 0000 0000 / 2011 1001 0000 0000 / 1019 0000 0000 0000 / 0000 0000 0000 0000 / 0003 0000 0000 0000
0007 0000 0000 0000 / 0007 0000 0000 0000 / 0007 0000 0000 0000 / 0007 0000 0000 0000 / 0007 0000 0000 0000 / 0007 0000 0000 0000 / 0007 0000 0000 0000 / 0007 0000 0000 0000 / 0007 0000 0000 0000 / 0007 0000 0000 0000 / 0007 0000 0000 0000 / 0007 0000 0000 0000 / 0007 0000 0000 0000 / 0007 0000 0000 0000 / 0007 0000 0000 0000 / 0007 0000 0000 0000 / 0007 0000 0000 0000 / 0007 0000 0000 0000 / 0007 0000 0000 0000 / 0007 0000 0000 0000 / 0007 0000 0000 0000 / 0007 0000 0000 0000 / 0007 0000 0000 0000 / 0007 0000 0000 0000 / 0007 0000 0000 0000 / 0007 0000 0000 0000 / 0007 0000 0000 0000 / 0007 0000 0000 0000 / 0007 0000 0000 0000 / 0007 0000 0000 0000 / 0007 0000 0000 0000 / 0007 0000 0000 0000 / 0007 0000 0000 0000 / 0007 0000 0000 0000 / 0007 0000 0000 0000 / 0007 0000 0000 0000 / 0007 0000 0000 0000 / 0007 0000 0000 0000 / 0007 0000 0000 0000 / 0007 0000 0000 0000 / 0007 0000 0000 0000 / 0007 0000 0000 0000 / 0007 0000 0000 0000 / 0007 0000 0000 0000 / 0007 0000 0000 0000 / 0007 0000 0000 0000 / 0007 0000 0000 0000 / 0007 0000 0000 0000 / 0007 0000 0000 0000 / 0007 0000 0000 0000 / 0007 0000 0000 0000 / 0007 0000 0000 0000 / 0007 0000 0000 0000 / 0007 0000 0000 0000 / 0007 0000 0000 0000 / 0007 0000 0000 0000 / 0007 0000 0000 0000 / 0007 0000 0000 0000 / 0007 0000 0000 0000 / 0007 0000 0000 0000 / 0007 0000 0000 0000 / 0007 0000 0000 0000 / 0007 0000 0000 0000 / 0007 0000 0000 0000 / 0007 0000 0000 0000 / 0007 0000 0000 0000 / 0007 0000 0000 0000 / 0007 0000 0000 0000 / 0007 0000 0000 0000 / 0007 0000 0000 0000 / 0007 0000 0000 0000 / 0007 0000 0000 0000 / 0007 0000 0000 0000 / 0007 0000 0000 0000 / 0007 0000 0000 0000 / 0007 0000 0000 0000 / 0007 0000 0000 0000 / 0007 0000 0000 0000 / 0028 0000 0000 0000 / 0028 0000 0000 0000 / 0028 0000 0000 0000 / 0028 0000 0000 0000 / 0028 0000 0000 0000 / 0028 0000 0000 0000 / 0028 0000 0000 0000 / 0028 0000 0000 0000 / 0028 0000 0000 0000 / 0028 0000 0000 0000 / 0028 0000 0000 0000 / 0028 0000 0000 0000 / 0028 0000 0000 0000 / 0028 0000 0000 0000 / 0028 0000 0000 0000 / 0028 0000 0000 0000 / 0028 0000 0000 0000 / 0028 0000 0000 0000 / 0028 0000 0000 0000 / 0028 0000 0000 0000 / 0007 0000 0000 0000 / 0007 0000 0000 0000 / 0007 0000 0000 0000 / 0007 0000 0000 0000 / 0007 0000 0000 0000 / 0007 0000 0000 0000 / 0007 0000 0000 0000 / 0007 0000 0000 0000 / 0007 0000 0000 0000 / 0007 0000 0000 0000 / 0007 0000 0000 0000 / 0007 0000 0000 0000 / 0007 0000 0000 0000 / 0007 0000 0000 0000 / 0007 0000 0000 0000
